2 0.63046875 0.4890625 0.01640625 0.07109375
3 0.52109375 0.30390625 0.01015625 0.053125
3 0.23828125 0.21640625 0.009375 0.04375
2 0.4890625 0.23828125 0.01328125 0.04609375
2 0.49375 0.31796875 0.01171875 0.05546875
2 0.69453125 0.27890625 0.00859375 0.05
2 0.8390625 0.46875 0.0109375 0.0765625
2 0.6859375 0.3890624999999999 0.0109375 0.06171875
2 0.5890625 0.32578125 0.01484375 0.05390625
2 0.30703125 0.3984375 0.00859375 0.065625
2 0.75390625 0.32890625 0.01015625 0.059375
2 0.3171875 0.290625 0.0109375 0.05390625
2 0.8171874999999998 0.38515625 0.01015625 0.06484375
2 0.35859375 0.3578125 0.01171875 0.06015625
2 0.1328125 0.390625 0.01484375 0.0609375
2 0.63984375 0.36328125 0.0171875 0.05390625
2 0.8296875 0.6289062499999999 0.01875 0.08046875
2 0.50390625 0.70078125 0.01953125 0.0859375
2 0.52890625 0.46875 0.01640625 0.06953125
2 0.21484375 0.5664062499999999 0.01796875 0.08046875
2 0.5061880040288211 0.40351873870523874 0.015323154884189947 0.05902252251687983
2 0.5060461229650787 0.39160072935086876 0.011634247226884966 0.04994213443735994
