1 0.18350326500203581 0.4296840436911974 0.019708623527069164 0.0490052260673071
0 0.7828424469750734 0.364575656484036 0.006323101777606013 0.007089538356709823
3 0.5654327422863592 0.4571861443609771 0.013115008859506788 0.04705973767234802
3 0.44581495391091974 0.27670936905951493 0.010442698390288782 0.027783325992511473
2 0.345967421134077 0.5791141382251774 0.013917338813264806 0.046334554829528043
2 0.5523513723161513 0.539144220048057 0.022403521016475095 0.04820151491423452
2 0.6753161524406682 0.6139923470803719 0.023591586524924536 0.05702714440557315
2 0.8650697029689565 0.41541568352525104 0.015614575253906936 0.04989875135487644
2 0.7342976352174858 0.3061136567479026 0.012389826016686954 0.036660307117868454
2 0.6909332441590814 0.34158589835732156 0.010862313220109315 0.03530251796535481
2 0.6125209206014184 0.3774824490769011 0.009843971355723867 0.039885056355088364
2 0.5937664579323236 0.3879204531868497 0.015105404321714247 0.04378870016856517
2 0.5795096718309303 0.3132420497985992 0.011032036864173448 0.038357543558510517
2 0.5459043903062176 0.34684733132331197 0.012389826016687025 0.04039422728728098
2 0.528083407679476 0.3491386005181787 0.012050378728558613 0.03818781991444638
2 0.44288213835924467 0.3052650385275815 0.014765957033585835 0.03394472881284116
2 0.42828590496972296 0.3231708829763552 0.011032036864173306 0.036151136185675836
2 0.49863635543433615 0.4243261748386218 0.015954022542035276 0.03615113618567577
2 0.582564697424086 0.4407893683128499 0.015784298897971 0.039206161778831544
2 0.37066472780992504 0.4203376692031131 0.013917338813264877 0.04378870016856503
2 0.3536075015814724 0.40260154839840356 0.016463193474227963 0.04022450364321678
2 0.3215297328533376 0.5032476693284776 0.014426509745457495 0.0466740021176566
2 0.32738519857355264 0.4564039435667568 0.01595402254203531 0.041921740083858905
2 0.33943557730211127 0.46310802750729296 0.012220102372622818 0.0458253838973355
