3 0.9493664177830743 0.7011537837372083 0.02316569121035812 0.06287830471382919
3 0.495815277728849 0.4685040562960405 0.013568476280352683 0.04897888998761424
3 0.16645662029955324 0.22682702342702193 0.009340306257087932 0.0300588037728102
2 0.30257035602784343 0.2620654515787627 0.010529072507990022 0.03770087252860943
2 0.29076760539388696 0.29934176473205 0.012397133759407595 0.036512106277707373
2 0.21629989096237692 0.33347633850795305 0.010529072507989987 0.037531048778480486
2 0.18403337843789142 0.3741491266638177 0.011548015008763244 0.04585241253479524
2 0.17435342468054574 0.45371155359919385 0.014944490011340648 0.04568258878466636
2 0.17987269655973406 0.5423595511664646 0.018171141263789253 0.054513423791367546
2 0.45318375175098113 0.568959511994639 0.013076428759923004 0.05145659628904809
2 0.5656919862113583 0.5543546694835562 0.01732202251314483 0.04330505628286211
2 0.405208542339575 0.4609516069126769 0.014604842511082978 0.04160681878157348
2 0.4331445492357744 0.4348836612678951 0.012736781259665264 0.04143699503144454
2 0.524509726805107 0.3506510812039751 0.007302421255541347 0.044833470034022084
2 0.5898918706047225 0.3990508499907034 0.012736781259665335 0.0427955850324755
2 0.637951991891193 0.31600703617768533 0.011378191258634445 0.04245593753221776
1 0.8583832195584677 0.3312911736892837 0.01579360876198507 0.04789029753634164
2 0.7141323090310583 0.45756050864890513 0.01579360876198507 0.046701531285439586
2 0.7346809827966517 0.444484079888982 0.013076428759923146 0.05315483379033658
2 0.7608794724846115 0.5381308313897563 0.021227968766108916 0.048229945036599345
2 0.8187893712785567 0.6395156102166923 0.01919008376456233 0.06181584504690903
2 0.6266337980077388 0.6908023827556113 0.02513391501907293 0.04075770003092913
2 0.6456540580221725 0.6181178177004546 0.020039202515206897 0.04075770003092906
2 0.6495600042751363 0.6403647289673366 0.03430439752603192 0.0312475700237124
0 0.6138121048730091 0.6374777252151459 0.00866101125657245 0.00917048250695899
