3 0.8425111046028035 0.7466139861253458 0.019315753339657675 0.061029561083812356
0 0.32653716357970547 0.5894938897786113 0.008038239112035227 0.008165830209051563
2 0.32443191047893427 0.576989962271001 0.01709720700020185 0.052312349776737224
2 0.36634558584883226 0.571950113938852 0.019521437843514136 0.05652285597827948
2 0.4697581699806505 0.5421575927855151 0.01888348235843182 0.04925016344834276
2 0.47422385837622566 0.6232417349394579 0.016076478224070313 0.05499176281408225
2 0.4880036968540003 0.602635772771304 0.015566113836004689 0.05665044707529582
2 0.5521820186532657 0.6279626055290657 0.023731944045056394 0.05830913133650959
3 0.45618696269232273 0.4299351626699652 0.01513129613648239 0.04726194966086481
2 0.41621045191198647 0.38024473338225745 0.012889622634781333 0.039789704655194526
2 0.3016982972000886 0.4123753869066399 0.014384071635915383 0.04464666390888027
2 0.31197263408288534 0.3080441660149679 0.012889622634781404 0.041844572031753874
2 0.4460994319346678 0.32046677333689483 0.018493806389034192 0.041284153656328614
3 0.1296434508483803 0.253870389723858 0.01232920425935605 0.033625102525516544
1 0.778857560950917 0.3452109109459211 0.012505203418580635 0.04091208525831895
2 0.5984584227458388 0.39963170360085487 0.015129752284208564 0.043536634123946955
2 0.6052513727509937 0.44857182068344764 0.014512211374648842 0.046624338671744564
2 0.6257074153801532 0.44448061215761575 0.013122744328140073 0.04770503526347383
2 0.4844269109308171 0.3942655494463395 0.017445530695056773 0.04199278185004815
2 0.6844495882953174 0.5505016276115415 0.014774666261211848 0.05875901754458951
2 0.6647500332803682 0.6175820089124455 0.01681255126275829 0.05807972254407396
2 0.7629930727299202 0.6728596395793932 0.014265195010825238 0.05926848879497612
2 0.5543475421783575 0.7298016692785444 0.014944490011340789 0.06385373004845561
2 0.22677608919954476 0.5617744485826686 0.012906605009794205 0.057740075043816216
2 0.127599019124284 0.42948174723227794 0.013925547510567427 0.04789029753634175
