3 0.8652134041385441 0.9766546092135389 0.021142995429247975 0.046690781572922474
2 0.6728333543366741 0.6339979865478879 0.015166976106384738 0.0646461276665569
2 0.4355074741146413 0.565497955116594 0.018896560394839737 0.0629056549986111
3 0.4658414263274103 0.4372002555937348 0.013426503438438786 0.05246281899093653
2 0.5771073575996574 0.4251412663943963 0.01466969820125712 0.04923051260760872
2 0.7098739266512203 0.462194074510139 0.015318102261624205 0.05062445991341647
2 0.6726061046854395 0.3597309148698845 0.016999357387900177 0.0493168170374242
0 0.6302011142782602 0.3480555320485246 0.007659051130812245 0.007659051130812031
2 0.6363657164079382 0.3293749195343488 0.016625745137616478 0.039789704655194526
2 0.617218088580908 0.31975440408954825 0.016438939012474875 0.03661400052778461
2 0.5549182458461316 0.3364735522897355 0.01513129613648239 0.04240499040717914
2 0.5630443122897981 0.32479816946837575 0.016065326762191107 0.03960289853005285
2 0.494393061300202 0.28052511780977896 0.015504908386765876 0.04856959253685719
2 0.5961089964398895 0.23522463246290257 0.014570877761057019 0.043525827158029703
2 0.6648536504920566 0.2195329179509949 0.014570877761057232 0.049877235412849504
2 0.4839319182922634 0.12581392528297425 0.010647949133080275 0.045393888409447296
3 0.4460102748884866 0.08490338387692917 0.012516010384497775 0.03866886790434396
2 0.39435838128679035 0.1964266405865589 0.01270281650963959 0.045767500659730835
2 0.3553159011321628 0.3118728259241656 0.011955592009072475 0.0509980721637001
2 0.3380363345565502 0.3799636585383365 0.011395173633647317 0.05790989879394509
2 0.3682055237669442 0.3732386380332332 0.01345004101020656 0.05230571503969237
1 0.04823427848442421 0.31158779981909207 0.012741130165696966 0.06297758624758786
2 0.3420449738260117 0.4460098738467152 0.016233452274818774 0.05239911810226317
2 0.8882254890520547 0.5144542875971638 0.02463785984494649 0.06351595060944931
2 0.8156681219857442 0.3323827636971234 0.014240230919556325 0.05876920696959722
