3 0.8838980411003896 0.7556233198558622 0.022700736369064174 0.07275175752013296
3 0.4994174571576565 0.3818240392798533 0.015822478799506923 0.04407690522719783
3 0.18571743011218012 0.18331108398450696 0.00910872841600309 0.03427352048055401
2 0.22122603241185318 0.2907632022478655 0.011578892054241195 0.04261032275960769
2 0.35685345467386526 0.3685733568523664 0.012350818191190598 0.04631556821696492
2 0.2804327671158732 0.4633658864697546 0.012350818191190563 0.05094712503866141
2 0.14017378803216465 0.41126087222566904 0.014666596602038897 0.05079273981127144
2 0.18432796306567117 0.5824740894010492 0.01374028523769958 0.06036462390944422
2 0.3408745836390124 0.5884179206555598 0.012813973873360283 0.06576810686809012
2 0.40139359277584646 0.5106077660510587 0.015592907966378178 0.05496114095079825
2 0.39861465868282864 0.6614421332109742 0.015592907966378178 0.06545933641331032
2 0.5183404025236827 0.6232317894319782 0.021613931834583582 0.05233659208517039
0 0.5100036002446292 0.6966419650558674 0.008028031824273895 0.008336802279053614
2 0.5107755263815785 0.6828244872044731 0.020378850015464564 0.055733067087747654
2 0.5566279389163737 0.5520601996052421 0.02346655456326225 0.06252601709290254
2 0.6643888276345119 0.5520601996052422 0.01852622728678597 0.061908476183343025
2 0.5556244349383396 0.4754851268198603 0.015901678421157826 0.052954132994729834
2 0.7164166492649024 0.4476185932759865 0.015438522738988212 0.05712253413425671
2 0.5724524247238368 0.3692680903756209 0.017445530695056846 0.04461733071567615
2 0.5523823451631519 0.3422506755823915 0.012813973873360212 0.04369101935133678
2 0.6620730492236637 0.33908577842089876 0.010806965917291933 0.048785731855202956
2 0.5515332264125076 0.23711433572988114 0.013585900010309687 0.040912085258318916
2 0.5783962559783472 0.25255285846886943 0.01204204773641095 0.041838396622658286
2 0.620350396100931 0.6811650069705871 0.016827989785497266 0.06360671368463172
1 0.9206628920920761 0.30441994242456244 0.016644425750130695 0.04541256902196146
