3 0.8924636530162084 0.9194611429395911 0.024117978398677024 0.07434304681654041
3 0.4957656321537984 0.46687299643174507 0.013675142391002381 0.046221981281588144
3 0.5153243618485094 0.2208702553516627 0.010245565090419432 0.03396475002577422
1 0.20271004206306714 0.37379186946678855 0.011021561383363725 0.04371263328317134
2 0.42650377998289357 0.38098390528474624 0.012889622634781333 0.04763556191114837
2 0.46722751526379697 0.36837449183767745 0.012516010384497917 0.041470959781470286
2 0.5232693528063244 0.33876572100270885 0.011768785883930662 0.04539388840944724
2 0.4882432043422448 0.2851523630870242 0.01270281650963959 0.0334382964003747
2 0.5813660577254113 0.2456428676195423 0.014757683886198905 0.031009816773531894
2 0.5952831140484722 0.3214861544270962 0.011955592009072546 0.03736122502835162
2 0.606304675431836 0.3598748131437275 0.01158197975878906 0.04091054140604513
2 0.6222765991314564 0.39284609423124794 0.010647949133080203 0.04558069453458913
2 0.5931348436093421 0.45000876852462596 0.011395173633647317 0.04744875578600656
2 0.6591708088469537 0.45888205946885946 0.010087530757654974 0.048382786411715346
2 0.7221244730197262 0.5010068406883259 0.011955592009072546 0.04819598028657374
2 0.7442609988490245 0.3935933187318149 0.01326323488506489 0.0422181842820374
2 0.786479183131062 0.4099388546817188 0.011021561383363689 0.04763556191114837
0 0.6842028296159492 0.32017851155110394 0.005604183754252716 0.006725020505103246
2 0.8750736933609431 0.5476041672715678 0.012227310009278796 0.05349448129059432
2 0.5804294868873516 0.5994004110608737 0.021058145015980117 0.05213589128956357
2 0.4915464623354728 0.5394929567378444 0.014178584898259317 0.051371684413983515
2 0.3437353736475511 0.4686806686763241 0.013755723760438557 0.048739416286986026
2 0.3513774424033502 0.5029001543272916 0.014435018760954037 0.05094712503866141
2 0.29218085188557646 0.6135543776426893 0.012227310009278725 0.05570219004226964
2 0.23410112934150257 0.7050893789621508 0.014265195010825203 0.059777960045362594
