2 0.4554687499999999 0.44140625 0.00703125 0.03984375
2 0.3875 0.39921875 0.00859375 0.02578125
2 0.45 0.4359375 0.00703125 0.02734375
3 0.34453125 0.3890625 0.00703125 0.03359375
3 0.81796875 0.89140625 0.01328125 0.06953125
2 0.39453125 0.403125 0.0078125 0.03125
2 0.459375 0.421875 0.01171875 0.03671875
2 0.5765625 0.4124999999999999 0.0109375 0.03046875
2 0.59296875 0.4171875 0.01171875 0.03046875
2 0.38046875 0.44921875 0.01171875 0.0390625
3 0.46953125 0.4781250000000001 0.00859375 0.04375
2 0.59921875 0.69921875 0.01640625 0.0640625
1 0.009375 0.490625 0.01015625 0.04453125
2 0.7109375 0.46015625 0.01015625 0.04453125
2 0.275 0.42578125 0.0109375 0.03671875
2 0.4796875 0.44296875 0.00859375 0.03828125
2 0.2671875 0.49296875 0.01015625 0.0453125
2 0.58046875 0.49375 0.009375 0.04453125
2 0.5640625 0.58359375 0.01640625 0.05
2 0.74609375 0.5046875 0.0109375 0.04609375
2 0.4507812500000001 0.509375 0.0125 0.0453125
2 0.7648437500000002 0.50390625 0.01328125 0.046875
2 0.28125000000000006 0.52890625 0.0125 0.046875
2 0.6039984934897857 0.6609647952118207 0.027909122572119357 0.026940055816143057
