3 0.459375 0.33671875 0.0078125 0.034375
2 0.5 0.43203125 0.01171875 0.04296875
1 0.20000000000000004 0.4734375 0.0140625 0.0453125
2 0.54921875 0.4734375 0.00859375 0.0515625
2 0.503125 0.40546875 0.01015625 0.0421875
2 0.4515625 0.4828125 0.01328125 0.05625
3 0.5828125 0.5234375 0.01171875 0.059375
2 0.5429687500000001 0.48125 0.009375 0.053125
2 0.8468750000000002 0.5640625 0.01328125 0.0796875
2 0.46328125 0.48828125 0.01640625 0.05390625
2 0.3328125 0.4359375 0.01171875 0.053125
2 0.20234375 0.496875 0.0109375 0.0484375
2 0.5624999999999999 0.3921875 0.0140625 0.0453125
2 0.14609375 0.553125 0.01171875 0.059375
2 0.41171875 0.5585937499999999 0.0171875 0.0609375
2 0.4046875 0.6640625 0.0171875 0.06953125
2 0.5890625 0.546875 0.015625 0.06328125
2 0.3765625000000001 0.665625 0.0125 0.065625
2 0.30390625 0.440625 0.01171875 0.0515625
2 0.92734375 0.54921875 0.01875 0.06484375
2 0.42734375 0.4984374999999999 0.015625 0.05390625
2 0.78515625 0.4640625 0.01796875 0.05
2 0.87109375 0.621875 0.015625 0.06640625
3 0.9126304065943408 0.9673746455004184 0.016589163304871875 0.06525070899916315
