3 0.9495262926295729 0.8271643691386408 0.020885672015349 0.0788185479626867
3 0.36231373695053776 0.26210584505454476 0.016133256262242667 0.049079063787243735
1 0.7288549284676796 0.31826690984109307 0.015747293193768 0.04878573185520299
0 0.32870813170563024 0.39457693286034595 0.008583401072014496 0.009743320135800246
2 0.127792125109997 0.33380582110357404 0.016210448875937686 0.06067339436422401
2 0.28225454511357484 0.4152440285517372 0.029641963658857514 0.05866638640815552
2 0.33582621901786425 0.34561629099890007 0.01821745683200625 0.049712043219542326
2 0.3392226940204416 0.31504801597570325 0.015438522738988212 0.05002081367432204
2 0.3668576497232307 0.3446899796345608 0.020687620470244285 0.0521822068577805
2 0.4326257565913208 0.3106480369950916 0.016982375012887088 0.058512001180765515
2 0.44690639012488487 0.3106480369950916 0.011887662509020984 0.0557330670877478
2 0.46466069127472137 0.32554621143821527 0.01435782614725916 0.05619622276991738
2 0.496772818571817 0.2808516881088441 0.016827989785497197 0.05171905117561074
2 0.44482218955512154 0.23607997216577808 0.013585900010309687 0.05171905117561078
2 0.49638685550334244 0.3248514779149608 0.013585900010309687 0.04616118298957495
2 0.5031026128948023 0.33959526713069466 0.011270121599461476 0.050947125038661376
2 0.5289621384826078 0.3365075625828969 0.01605606364854772 0.05372605913167924
2 0.5389199856492551 0.3723249353373497 0.010961351144681615 0.05125589549344113
2 0.5597619913468893 0.3649916370363303 0.01466659660203895 0.05449798526862871
2 0.48241499242455804 0.4049002183166151 0.012196432963800631 0.05526991140557811
2 0.6442879033428502 0.43052816606333566 0.014512211374649127 0.05465237049601861
2 0.6337897078803381 0.4738332223461977 0.020070079560684916 0.0548067557234085
2 0.38068870195749743 0.5405556011790904 0.020687620470244354 0.06314355800246205
2 0.3301942349461371 0.20173674697473565 0.01783016081521893 0.05214842733053274
