3 0.20459235716054536 0.09460285850243805 0.01627454962234996 0.047693471809942316
3 0.5337725933684199 0.41109714853907375 0.014877121912115996 0.049543622971480586
0 0.604921199061867 0.2995215063713467 0.010343810235122035 0.012350818191190634
3 0.9587981634901488 0.9773307164584353 0.036072290598986284 0.04533856708312939
2 0.3166570848466678 0.7028868274762752 0.01859819365176328 0.06564068347681157
2 0.4680409111150647 0.712732929997797 0.01941870219522343 0.07056373473757262
2 0.7831161918037606 0.6246650129997413 0.01723067941266308 0.062358649302971185
2 0.880889509774369 0.4816230235898559 0.018871696499583236 0.054153563868369614
2 0.8218128946452388 0.44128135353639875 0.024888759151624383 0.0598971236725906
2 0.7857105187329921 0.3250426432128782 0.021059719282143733 0.051145032542349075
2 0.7381210232123037 0.29988038121343374 0.021606724977783643 0.05770910089003028
2 0.7188390724409902 0.3657945675380654 0.03282034173840586 0.054974072411829694
2 0.5871474512156368 0.3663415732337054 0.015042656630102584 0.04676898697722827
2 0.5737458116724545 0.39642688649391083 0.021059719282143802 0.0484100040641485
2 0.5510450753033905 0.4351275394604477 0.021059719282143802 0.042119438564287466
2 0.6039678763565699 0.4559137558947714 0.01969220504304346 0.04594847843376819
2 0.5019513141196918 0.33324772864747965 0.019145199347403406 0.05278604962926938
2 0.40704582592613503 0.23027390644323142 0.019145199347403476 0.044307461346847814
2 0.3225334459497401 0.2912650415071022 0.019692205043043528 0.04977751830324884
2 0.14024379787767777 0.3992986663960213 0.017777685108303166 0.059623620824770567
2 0.3377128540037528 0.43608479942781786 0.020512713586503608 0.04567497558594816
2 0.3256787286996707 0.47574271236172494 0.021059719282143768 0.04786299836850851
2 0.4137466456977263 0.5405628872950764 0.01941870219522343 0.05661508949875007
2 0.10885413343237929 0.5000844658177093 0.02461525630380436 0.06864921480283222
