3 0.8605135476117755 0.9406498820230496 0.02188022782560381 0.05907661512913037
3 0.6455281899415783 0.3679002281587456 0.011075735159654841 0.041816551112982624
3 0.4201708847543152 0.18707189902152366 0.012884018451027046 0.03322720547896456
1 0.12310843750759645 0.4060381867240787 0.01650058503377151 0.050405896747000585
2 0.3839533022880392 0.3459127672859523 0.01650058503377153 0.04452897605004089
2 0.4930153882989263 0.4387003036744894 0.015370407976663785 0.05063193215842219
2 0.4727852189766996 0.48402040366450566 0.0192130099708298 0.053118321684058924
0 0.3858746032851223 0.5466322126282689 0.008137274811174962 0.009267451868282706
2 0.37785034617965807 0.533183105648688 0.01559644338808539 0.056056782032538735
2 0.584559729924645 0.5701398954161078 0.013110053862448652 0.05266625086121593
2 0.6489798221797805 0.486732828601564 0.01356212468529165 0.045885188518570104
2 0.6297668122089505 0.4601736677595346 0.013110053862448581 0.047919507221363844
2 0.6084064658296162 0.3736021051850894 0.012884018451027046 0.04249465734724723
2 0.6284105997404212 0.32251810220382426 0.00994555810254731 0.03887809076450274
2 0.5604869586082524 0.236511628157933 0.01243194762818412 0.0354875595931798
2 0.725718844357389 0.2543684256602337 0.014692301742399393 0.035939630416022904
2 0.7809845024499524 0.3118944378670125 0.012205912216762442 0.04294672817009019
2 0.7904779897296567 0.3915719203931009 0.010397628925390307 0.046789330164256245
2 0.7860702992069369 0.4936269086499206 0.02102129326220208 0.048823648867049985
2 0.8311515476681188 0.613990765231884 0.02079525785078047 0.053118321684058854
2 0.8141988918115044 0.7141244524916209 0.01717869126803606 0.054022463329745134
2 0.8255006623825807 0.7012404340405937 0.01356212468529165 0.054474534152588065
2 0.6113970222998395 0.8130808979851437 0.021925434907888217 0.06555026931224305
2 0.5462988238104394 0.6489791892931148 0.01650058503377153 0.056056782032538874
2 0.37462492883578924 0.7395063715674367 0.0180828329137222 0.0612555964952341
