3 0.069203178177515 0.13056961919996352 0.011038543758376625 0.04772047378621279
2 0.5555783985466022 0.1028883479289575 0.012397133759407595 0.0507773012885325
2 0.6213001898464754 0.17387467548282565 0.011378191258634374 0.05723060379342957
2 0.452835029718635 0.15926983297174271 0.017491846263273773 0.049418711287501506
2 0.43746598033197215 0.1754880011090499 0.012227310009278725 0.05230571503969232
2 0.5104052810123224 0.20894327988443756 0.013755723760438628 0.05468324754149652
2 0.40596367468306654 0.2277937161487423 0.015114313761469518 0.0536643050407233
2 0.44884417159060663 0.2739857761837952 0.015284137511598317 0.05060747753840353
3 0.5442002072879677 0.3156775068404331 0.013755723760438557 0.05519271879188313
2 0.6616333305020821 0.2713535080567977 0.014944490011340577 0.056551308792914125
2 0.6967019349036941 0.38072000313979076 0.01681255126275829 0.06334425879806893
2 0.6862577742707685 0.3699361950066074 0.010868720008247835 0.06079690254613588
2 0.5608429348005971 0.3932869606493273 0.01681255126275829 0.05858919379446057
2 0.4310126778270751 0.3704456662569941 0.016642727512629348 0.060117607545620476
2 0.399000900927783 0.3839466543922393 0.014435018760954037 0.05824954629420283
2 0.29973891897745764 0.2548806042942972 0.014265195010825167 0.046701531285439586
0 0.3079753708587079 0.28876044244500704 0.006623126255026044 0.008830835006701357
2 0.11795260047306583 0.3363593509412334 0.015114313761469553 0.06113655004639362
2 0.10276770706776972 0.5607474581288928 0.022926206267397598 0.072514741305028
2 0.28201667532879326 0.6358944675609185 0.025133915019073038 0.06657091005051746
2 0.5534310636183087 0.5698122045742762 0.015822478799506923 0.06616672952521085
2 0.7760759438685136 0.5194679538485724 0.014384071635915348 0.062467968247404
2 0.7947752369952035 0.7718056676900595 0.018493806389033977 0.07027646427832934
