1 0.21721855553029024 0.3204099784106959 0.012431947628184012 0.053706013753754965
2 0.5469138066297304 0.2197112026224054 0.01292922553331131 0.04674412308197187
2 0.4887322917298292 0.255017933886448 0.012929225533311453 0.04923051260760868
2 0.4300534989248006 0.335949912945926 0.010442836007674572 0.05097098527555453
2 0.4179945097254621 0.33234464813375264 0.015664254011511856 0.05072234632299072
2 0.40494096471586893 0.3954989420849275 0.017902004584585 0.05271145794350027
2 0.6289646609757449 0.342911803617709 0.020885672015349143 0.045998206224280906
2 0.6528340004218584 0.29169217938959086 0.015415615058948333 0.04898187365504501
2 0.4755544272439542 0.44249170411946304 0.01690744877433026 0.05619240327939181
2 0.36316962068517056 0.5204400157481769 0.01292922553331131 0.06091654337810176
2 0.3584454805864607 0.5783728916955144 0.020885672015349074 0.05793287594733755
2 0.30038828516284133 0.6145498592935297 0.021134310967912847 0.0636515718563021
2 0.40929214638573336 0.608209566003156 0.02212886677816755 0.06191109918835636
2 0.43291284687928294 0.6599264681364015 0.026604367924313765 0.05693832013708281
2 0.4776678583407454 0.68752539187097 0.01864792144227607 0.06539204452424784
2 0.40618415947868725 0.7481932962965081 0.025858451066622764 0.06489476661912065
2 0.618024547062943 0.6620398992331928 0.028344840592259644 0.06663523928706624
2 0.5711561045046892 0.5393365761430166 0.025609812114059095 0.05544648642170067
2 0.6711089634352888 0.5613411234449022 0.024117978398677166 0.06514340557168417
2 0.7823748947075357 0.5604708871109293 0.03232306383327852 0.06041926547297429
0 0.6545744730898039 0.582475434412815 0.00895100229229243 0.010940113912802047
3 0.5116070753656878 0.5502766900558185 0.022377505730731145 0.05942470966271962
2 0.7634200366356582 0.3380633440427172 0.025112534208931548 0.04972779051273605
3 0.5708743384733848 0.09247707912038189 0.013076428759923146 0.03888963877951149
