3 0.8859632108347504 0.6619227079319343 0.018120194138750635 0.05884392941965388
2 0.14606419587829692 0.7650222104950859 0.0219622786799499 0.06709024857025782
2 0.18512277591881973 0.6523307869007092 0.020343187027937474 0.06170766731807703
2 0.20173637865830202 0.5063119111224024 0.019665080793672872 0.053118321684059
2 0.2652523292677513 0.48834209591439093 0.01333608927387008 0.05017986133557919
2 0.4369262242424014 0.498852742545492 0.01356212468529165 0.049501755101314514
2 0.19698963501844993 0.3875303024203896 0.014240230919556219 0.04611122392999157
2 0.23914523924856482 0.3454877158959856 0.012657983039605582 0.04339879899293329
2 0.2473955317654506 0.33983683061044734 0.014240230919556219 0.042494657347247264
2 0.23654583201721724 0.2612895251414665 0.012884018451027117 0.03729584288455207
3 0.20727424623812943 0.18330730820103952 0.013110053862448581 0.03141892218759235
2 0.2857085340013995 0.2069280086945891 0.010397628925390307 0.03435738253607219
2 0.37137595493015835 0.3291001485679248 0.014918337153820786 0.040912409467296414
2 0.4214427985600268 0.37102971738661816 0.01650058503377153 0.04113844487871802
2 0.458173552916025 0.3479741054216223 0.01356212468529165 0.03752187829597346
2 0.44574160528784096 0.32084985605103894 0.011301770571076446 0.04159051570156116
2 0.5214634681140528 0.41420248096812984 0.010397628925390236 0.035261524181758264
3 0.5206723441740774 0.4381622345788118 0.012884018451027046 0.04113844487871802
2 0.5346865396822121 0.47014624529495797 0.021021293262202007 0.019665080793672872
2 0.5058670247259673 0.4502551290898636 0.014918337153820857 0.04407690522719783
2 0.6252137219565339 0.39227704606024166 0.014014195508134718 0.04656329475283471
2 0.6037403578714887 0.2883007568063391 0.012205912216762442 0.040686374055875024
2 0.5608839597694928 0.5450466641098168 0.012680586580747786 0.05171690213324553
0 0.765780041931291 0.4330276579088108 0.00815154000618577 0.00815154000618577
1 0.944727390842385 0.36977722866013296 0.016065326762191176 0.046514725160297844
