3 0.7669238091463052 0.7975013894512492 0.010229006508469923 0.053852710735767605
3 0.29990987961875776 0.3657830433877383 0.014014195508134718 0.04520708228430543
0 0.29324183498182266 0.32735702344607864 0.006555026931224326 0.00858934563401803
2 0.30929034919275117 0.3137948987607869 0.01695265585661456 0.037521878295973574
1 0.16632295146863496 0.3198978548691682 0.015822478799506944 0.04204258652440405
2 0.4507976333843419 0.2826259911553356 0.013263234885064748 0.03829525565406044
2 0.381118948706466 0.34651368595381693 0.01214239813421429 0.045020276159163757
2 0.29416069745297757 0.3910669468001264 0.012702816509639553 0.038482061779202256
2 0.34702683086809516 0.42954900857932854 0.011208367508505504 0.041844572031753915
2 0.369536968947677 0.4247854523882137 0.01737296963818352 0.045020276159163757
2 0.4351059188724342 0.49876067794435003 0.018120194138750493 0.04389943940831316
2 0.4432319853161007 0.4843766063084346 0.016438939012474806 0.0465147251602977
2 0.4743352051522035 0.46429494785569553 0.014757683886198905 0.04744875578600656
2 0.4978727769200651 0.3916273651755516 0.011768785883930733 0.044833470034022084
2 0.5142183128699689 0.4172198043199725 0.012329204259356104 0.04408624553345497
2 0.5593319920917036 0.43319172801959277 0.015504908386766018 0.04539388840944724
2 0.5794136505444425 0.4049840031231873 0.011208367508505433 0.0438994394083133
2 0.5427062469540871 0.3323164204430433 0.012516010384497775 0.041284153656328614
2 0.6048192835637216 0.29047184841128937 0.008966694006804374 0.03680080665292646
2 0.5989348906217562 0.27431311858652735 0.011768785883930662 0.0317570412740989
2 0.5588064234942012 0.5070937164088863 0.013636847135348375 0.04894320478714072
2 0.6039201027159359 0.5098958082860128 0.014944490011340577 0.04931681703742413
2 0.6353035317397512 0.4894405375829902 0.013076428759923004 0.04053692915576157
2 0.8352794887040034 0.5534216354440424 0.017746581888466863 0.052305715039692446
1 0.8827282444900101 0.5162472165408325 0.016625745137616405 0.05678906204309456
