3 0.8280129443776134 0.9641610210053466 0.028430921884026645 0.07167795798930683
3 0.3928161704905968 0.18163583393933658 0.009657876669828909 0.03596017908978844
3 0.49089785796174695 0.41145035164486443 0.01197987680534105 0.04656329475283463
2 0.4968877963644175 0.42207401598167626 0.010849699748233306 0.04565915310714857
1 0.0589952423810187 0.3769799514030815 0.020795257850780534 0.046789330164256245
0 0.10895776019347835 0.4910407391484231 0.008140311989648357 0.009684164263547217
2 0.10172972454749747 0.5454264442516773 0.01501747211883405 0.05192957648568793
2 0.1327471202321921 0.5247949638641203 0.015298172532270194 0.05922778723502781
2 0.1960450634620441 0.44388306969114977 0.016701674599450947 0.053754129173022774
2 0.3038340222215259 0.5143388734636235 0.017263075426323306 0.05347342875958667
2 0.3479741622343606 0.4590408920167019 0.011508716950882203 0.05571903206707589
2 0.36376356049014413 0.4697075077272757 0.011929767571036365 0.05094712503866141
2 0.4133071834616247 0.37419919205562535 0.009684164263547146 0.046034867803528744
2 0.279763961769376 0.35862031910991904 0.009263113643392914 0.050245374005071
2 0.2758341559812699 0.34528704947170186 0.01122801653744599 0.04799977069758178
2 0.3782898068854649 0.2938486987095273 0.011228016537446024 0.041122610568396036
2 0.6389036792888377 0.2834178737579449 0.013823653260490119 0.04408624553345504
2 0.5233640908886602 0.3204988895985839 0.013636847135348304 0.04539388840944732
2 0.7776072272065931 0.33478955817192846 0.016999357387900035 0.04707514353572307
2 0.7838652323988421 0.408577977602923 0.011208367508505575 0.053426551790542905
2 0.8371983811268143 0.47928409596907856 0.012516010384497775 0.06033837842078796
2 0.4159855227603032 0.5803158599259673 0.01102156138336376 0.05230571503969237
2 0.4592311407306202 0.5823707273025267 0.018307000263892377 0.06089879679621319
2 0.2816719187833789 0.6513955905424064 0.020735479890735178 0.06482172542419015
2 0.19854319309529647 0.6778286572499652 0.021109092141018734 0.06351408254819788
