3 0.1578125 0.3578124999999999 0.00859375 0.03828125
2 0.31484375 0.3765625 0.00859375 0.03828125
2 0.5875 0.38046875 0.01640625 0.03359375
1 0.8875 0.40390625 0.01328125 0.04140625
2 0.6648437499999998 0.36953125 0.01015625 0.0390625
2 0.26015625 0.3859375 0.01171875 0.03828125
2 0.1765625 0.4375 0.009375 0.05078125
2 0.53359375 0.40546875 0.01015625 0.0453125
2 0.40078125 0.459375 0.01328125 0.05078125
2 0.19140625 0.43828125 0.0125 0.0515625
2 0.8359375 0.4468750000000001 0.01640625 0.05546875
2 0.79609375 0.4554687499999999 0.0125 0.05
2 0.73203125 0.4125 0.01171875 0.04375
2 0.75390625 0.409375 0.01953125 0.04296875
2 0.25 0.471875 0.01640625 0.05703125
2 0.6250000000000001 0.56796875 0.01328125 0.06328125
2 0.465625 0.45390625 0.0140625 0.05390625
2 0.83984375 0.434375 0.01171875 0.04921875
3 0.59140625 0.3671875 0.009375 0.03984375
2 0.7016567742346179 0.42558595900033724 0.013919322494933226 0.04545804055307315
2 0.7060616231254194 0.4147500307289651 0.008633503825971332 0.04175796748479982
0 0.6905480484318752 0.36327881225599007 0.0051419214501660804 0.0066735576268114015
2 0.6927361001127972 0.3531590732317269 0.007548778299180156 0.03719687857567024
2 0.6924078923606588 0.34506328201231634 0.013894128173853347 0.030413918364812675
