3 0.6554252354759869 0.41309769800679264 0.013214372143280003 0.06046576344349333
3 0.6217653788729849 0.08615729709885263 0.019110266602001928 0.04294672817009024
0 0.758825032889493 0.2270184557619955 0.008424956243893434 0.008630442981549252
1 0.25065633066636783 0.3105488146191327 0.01582247879950696 0.05527593242944622
2 0.7206044996854892 0.1440018137489981 0.018699293126690008 0.0452070822843055
2 0.8099247676682608 0.272328281415129 0.020959647240905356 0.055275932429446326
2 0.7237230812215963 0.24828633310938464 0.018288319651378088 0.051988144626951324
2 0.6024859060045954 0.175544027979184 0.01911026660200186 0.041713807744154625
2 0.6138904199444998 0.24746438615876087 0.01438407163591549 0.05281009157757506
2 0.5710464351432374 0.23986137686549136 0.01582247879950678 0.05568690590475814
2 0.6330006865465015 0.3094186375620251 0.011918230784044255 0.054248498741166634
2 0.5919033390153148 0.33407704608073713 0.015616992061851036 0.050549737463359855
2 0.6778995387243231 0.384626783544097 0.012534690997012064 0.06123504782146831
2 0.7179694525672303 0.3850377570194088 0.013356637947635619 0.059591153920220845
2 0.859344328074513 0.41288120997178795 0.020754160503249467 0.0639063754109955
2 0.5431002388220304 0.3963395275904852 0.015000531848883298 0.05671433959303784
2 0.4999480239142842 0.3122954518892081 0.01335663794763569 0.054248498741166565
2 0.4604945702843448 0.3649000567291273 0.015822478799506996 0.052604604839919133
2 0.4285413825788471 0.3756881104560638 0.013973098160603499 0.059796640657876876
2 0.3829233268192297 0.44771121200446873 0.015616992061851036 0.06123504782146824
2 0.3688474852897981 0.5255906855760678 0.015000531848883227 0.06123504782146831
2 0.4576177559571618 0.608915557695549 0.01787734617606631 0.07171487144192099
2 0.4936806784157781 0.7225497236192805 0.01808283291372227 0.07171487144192114
2 0.8360226107842528 0.6049887848914139 0.017653365632021262 0.07608351948448615
