1 0.2393231630920171 0.3642128084152547 0.015206018586539116 0.041097347531186795
2 0.03568580607498637 0.39462484558833294 0.015206018586539121 0.041097347531186795
2 0.3560396300805877 0.35517139195839365 0.016849912487786653 0.039453453629939406
2 0.46114609639159804 0.3511644005741028 0.012123717521700144 0.03472725866385289
2 0.5563891992951234 0.3416092672731019 0.012740177734667952 0.038631506679315634
2 0.5644031820637049 0.3276361691124983 0.00945238993217302 0.03369982497557317
2 0.47522193792102946 0.44003741461029444 0.019726726814969738 0.04068637405587495
2 0.5541288451809082 0.42174909495891627 0.017260885963098573 0.03698761277806817
2 0.6428991158482718 0.4250368827614111 0.009863363407484869 0.03945345362993933
2 0.6502966384038854 0.2715382897324284 0.010274336882796718 0.03246690454963758
3 0.4159390141072926 0.17927474452491388 0.010068850145140758 0.025069381994023948
2 0.7473891219463143 0.2803742194516335 0.009246903194516988 0.03164495759901385
0 0.7506769097488095 0.30205307027433453 0.004315221490774519 0.005137168441398323
2 0.7818081505036832 0.3156151949596262 0.009041416456861242 0.03472725866385289
2 0.8211588607647947 0.2871552817942793 0.012534690997011922 0.0353437188768207
2 0.8026650543757605 0.21318005623814307 0.013767611422947539 0.027535222845895185
2 0.8323739440306914 0.33022953216219364 0.014666596602039022 0.02933319320407776
2 0.909566557725633 0.3499908412680986 0.010035039780342458 0.03211212729709565
2 0.905475349199801 0.26808947813776574 0.010806965917291791 0.03257528297926527
2 0.9224214232365838 0.38519067311299193 0.018371842059396074 0.03736122502835165
2 0.943109043706828 0.43289570837646574 0.01744553069505656 0.04044892957614934
3 0.8341902657832656 0.3651205935523072 0.013585900010309758 0.03396475002577425
2 0.7552994145870354 0.40834845722147434 0.013585900010309758 0.039213847757030254
2 0.9493204439048745 0.51799461470602 0.016519219330717476 0.04168401139526836
