3 0.6257108965062917 0.8200980132587964 0.021059719282143802 0.059869773387808606
3 0.36972466289435457 0.4585757330364422 0.01616153191663919 0.04773867889222658
3 0.19058029757222286 0.15933875362605293 0.014421059248693418 0.03306898069096949
1 0.9305054127584514 0.36670364006416234 0.016658809821766596 0.05395465270631867
0 0.879410108006615 0.41556119424292554 0.00895100229229243 0.008453724387165238
2 0.4979979547739295 0.3672009179692898 0.009945558102547238 0.04798731784479031
2 0.46281554298616867 0.3361210488988297 0.009696919149983572 0.04400909460377139
2 0.3750459927311895 0.31585697426488973 0.01466969820125712 0.042765899840953026
2 0.41756325361957886 0.41755030586343495 0.015664254011511787 0.04972779051273612
2 0.4093581681849774 0.4462681048845401 0.015166976106384525 0.04798731784479024
2 0.4865605629560001 0.4202853343416355 0.013426503438438786 0.04326317774608029
2 0.5360397145161726 0.4312254482544375 0.016907448774330192 0.049727790512736195
2 0.5353817323962978 0.47950618757470026 0.010359248757861152 0.047380826285955
2 0.5294379011417876 0.5330006688652946 0.010359248757861081 0.05009800628801713
2 0.5117762311283849 0.5626349132627827 0.016133256262242667 0.050607477538403674
2 0.34883034287973297 0.5047250144688376 0.01528413751159846 0.04721100253582627
2 0.27393806907290075 0.44588108504918367 0.012906605009794242 0.04636188378518184
2 0.25126659843069643 0.4221057600311417 0.013755723760438557 0.046701531285439586
2 0.2637486440651685 0.386103125003821 0.01528413751159846 0.04330505628286218
2 0.19955526651645514 0.3563839687312685 0.014265195010825132 0.04568258878466629
2 0.20150823964293715 0.4320404494136807 0.013076428759923112 0.05434360004123882
2 0.19836650026555308 0.50209274634184 0.011887662509020984 0.049418711287501436
2 0.1953945846382978 0.5311326076138769 0.013416076260180815 0.05315483379033658
2 0.24540767905125038 0.5570307295085298 0.015623785011856094 0.05162642003917689
2 0.22100360895564142 0.6555600698828369 0.014944490011340648 0.058657123294512205
