3 0.975676024229124 0.9430785873116915 0.018201614522424164 0.06684956606417629
3 0.6565319934103613 0.363118819257719 0.01229514207612894 0.04256902964093683
3 0.34733078293183395 0.1358963744314661 0.008786665452674142 0.035506771050559924
1 0.05476779755302655 0.3267697120409227 0.012968359100750169 0.05542429663296794
0 0.8108362508187369 0.21162486951614232 0.005847525858754494 0.006901997734923455
2 0.808104210048663 0.25318064754516056 0.015146050584970965 0.03690651566591015
2 0.8009625596146103 0.25006516245647986 0.018884632691387536 0.03489343299322414
2 0.6866791629604222 0.23053138882483343 0.016238866893000505 0.042337045828179785
2 0.5466769319614825 0.20739100350230777 0.011367206825100382 0.03781336147941538
2 0.39287166410349267 0.2250797692250404 0.010671255386828876 0.0425690296409369
2 0.3521585049646129 0.2470602354837803 0.013223077327157568 0.04291700536007262
2 0.42256559213640765 0.30262035863911757 0.01229514207612894 0.043380972985586935
2 0.4799235898406129 0.2900352367970422 0.01983461599073621 0.04326498107920834
2 0.6402244044558032 0.35481671650947616 0.012179150169750273 0.045236843487644195
2 0.7338298729033127 0.37801509778519105 0.015194939735593209 0.04546882730040132
2 0.8920115351615471 0.3504670200202797 0.01600688308024317 0.048600608772622775
2 0.4336966874656754 0.38271103366099624 0.013339069233536022 0.04952854402365134
2 0.26724830181242076 0.3314426110416662 0.011483198731478836 0.041177126764393994
2 0.3280838792499206 0.530311343044472 0.017824476253195557 0.05375412917302292
2 0.4506096097148004 0.4563467841040463 0.01277186881134476 0.04814012090429984
2 0.4475920802703618 0.589819830692936 0.017403425633041324 0.04982432338491677
2 0.16415483780320858 0.5350130749695275 0.02091218080099324 0.05894708682159177
2 0.30033463503381846 0.6897840133011877 0.014596421498679782 0.05712253413425671
2 0.7167878679198938 0.7461079711450733 0.019427837014742835 0.06258005192248917
2 0.8251766943904486 0.6067124368900728 0.01852622728678597 0.051508525865533554
