3 0.9402023319084349 0.9248507973654483 0.02212886677816769 0.06439748871399317
3 0.5243462818226873 0.37980601302208045 0.015578872945706479 0.04505241635650222
3 0.484701378894213 0.1351658682862476 0.012516010384497917 0.034559133151225316
0 0.6100482888643328 0.19391639464333058 0.0054173776291109735 0.008219469506237332
2 0.6263004217516659 0.1775708586934267 0.012516010384497775 0.035306357651792325
1 0.1205228379303551 0.3171150341743202 0.01643893901247475 0.04763556191114834
2 0.40642961245981624 0.37166242271571365 0.015504908386765947 0.04763556191114837
2 0.384199683567947 0.4685213986017154 0.014384071635915348 0.048195980286573674
2 0.5054368587849482 0.44890675546183073 0.014384071635915348 0.048195980286573674
2 0.4995524658429828 0.4919655673070061 0.01457087776105709 0.04688833741058126
2 0.4490214089921372 0.35064673363726584 0.013636847135348447 0.041097347531186795
2 0.5066510985983695 0.3372900956896301 0.01158197975878906 0.04315221490774615
2 0.42585744947455906 0.30702750341666524 0.013263234885064819 0.043525827158029745
2 0.4539717713083937 0.249211007685291 0.013076428759923146 0.040723735280903346
2 0.5434519052512959 0.2678916201994669 0.012329204259356175 0.036614000527784685
2 0.6270476462522329 0.2626610486954976 0.015131296136482461 0.041097347531186795
2 0.6784193306662165 0.2984344216601444 0.011768785883930662 0.04800917416143193
2 0.469196470507447 0.212877216345219 0.010274336882796718 0.03978970465519449
2 0.47937740432767284 0.20858067546695858 0.009713918507371418 0.03904248015462752
2 0.5862305079087586 0.20054801208586298 0.010834755258221947 0.03866886790434393
2 0.7725923495199782 0.3826807404891474 0.0156237850118562 0.04822994503659949
2 0.8945258021125078 0.28910785416813944 0.018001317513660523 0.045512765034537495
2 0.8381579661271857 0.4632621099252968 0.014265195010825238 0.05145659628904795
2 0.7283669116688705 0.63427462630507 0.016812551262758147 0.056551308792914125
2 0.5718254886123809 0.7061918055767493 0.022328441977875643 0.056267673784246595
