3 0.8421147146767136 0.7863322327087924 0.024068250608164306 0.05716209519439019
2 0.8399266918941533 0.7075634125366185 0.02297423921688406 0.06700819771591185
2 0.7976705019059557 0.7074266611127084 0.015589662325742637 0.06181164360733107
0 0.7699099628522208 0.6584696513529198 0.014769153782282558 0.015863165173562805
2 0.7120641105382807 0.733409431655613 0.03145282749930544 0.03883740439044686
2 0.686354842843196 0.7362812115577233 0.015589662325742779 0.05552107810746989
2 0.7041325279514992 0.6936147672977958 0.015042656630102727 0.0500510211510688
2 0.6951069339734375 0.6520423344291486 0.016683673717023027 0.054974072411829764
2 0.5392103107160099 0.7064694011453382 0.017230679412663007 0.054974072411829694
2 0.5050224547385038 0.6439740004184571 0.011760622456262056 0.050871529694529016
2 0.44115953977252254 0.6081451273540308 0.014769153782282558 0.05415356386836969
2 0.5780477151064568 0.5764187970069052 0.01066661106498195 0.054153563868369545
2 0.5731246638456959 0.5572735976595018 0.019418702195223504 0.05196554108580919
2 0.7720979856347813 0.5064020679649728 0.01695717656484291 0.052512546781449385
3 0.5461846333354211 0.4805560488459782 0.015863165173562805 0.051692038237989235
2 0.4362364885117617 0.4400776273686111 0.019692205043043528 0.04895700975978876
2 0.6237226906924049 0.37129166114186885 0.012307628151902108 0.043760455651207765
2 0.6737737118434737 0.3851035549567813 0.012307628151902322 0.04786299836850851
2 0.3958948184583045 0.2623007762855795 0.016136668021382902 0.04075192432518719
3 0.3580146740352278 0.08806791699805559 0.01476915378228263 0.0355553702166063
2 0.2993483131778274 0.39616887506734016 0.021059719282143733 0.04841000406414857
2 0.3290233721663027 0.5348348189121048 0.017504182260483104 0.04895700975978869
2 0.32587808941637214 0.5710739462482611 0.01832469080394322 0.06345266069425129
2 0.15958835794178264 0.5977404739107159 0.021606724977783837 0.05388006102054952
1 0.0387738761870634 0.3524974949964379 0.014774666261211804 0.04704117878569733
