3 0.8160999876726868 0.9634666658145451 0.01629772564337884 0.06827425607361348
3 0.6027697643113522 0.3969252976487833 0.011487119608441959 0.05825610658567029
3 0.2699170506314488 0.05269268035955292 0.011208367508505504 0.04520708228430553
0 0.8028619366441316 0.5085381709234477 0.00803266338109566 0.00990072463251323
2 0.8195810848443189 0.4894839461589883 0.018307000263892235 0.06743701117617469
2 0.6766743991108737 0.428678552425346 0.022416735017011007 0.05903073554479569
2 0.6607958784738241 0.38440550076674923 0.01718616351304192 0.060525184545929776
2 0.5408663461328154 0.40719584803404374 0.01158197975878906 0.05790989879394509
2 0.5591733463967077 0.4013114550920784 0.01569171451190762 0.04913001091228239
2 0.5776671527857418 0.3948666437746877 0.015318102261624205 0.058657123294512135
2 0.5799088262874429 0.3901030875835729 0.012329204259356175 0.06033837842078796
2 0.5723431782192017 0.29726044338811897 0.01102156138336376 0.05361335791568465
2 0.5595469586469913 0.29819447401382776 0.013076428759923075 0.05622864366766926
2 0.4941648148473759 0.27428328999568274 0.01158197975878899 0.057349480418519824
2 0.4110360891592934 0.3331272194153367 0.014197265510773676 0.05809670491908683
2 0.4200027831660978 0.41093197053687885 0.011208367508505504 0.06687659280074947
2 0.2856767893644585 0.2958123708475917 0.01442105924869349 0.05619240327939174
2 0.21431740997868226 0.3587180258462028 0.017404726679457597 0.0726025741485946
2 0.18298890195565853 0.5640938006638028 0.01740472667945763 0.07160801833833993
2 0.4117367383142445 0.5454458792215268 0.01641017086920293 0.07111074043321267
2 0.553837537060112 0.5978267955840028 0.019213009970829874 0.0655502693122429
2 0.21760986257058945 0.7596681501618167 0.017178691268036096 0.07278340247773186
2 0.26552936979195335 0.8593497665987104 0.01717869126803613 0.08046860646606391
2 0.5596014400513607 0.7830628152439448 0.018986974559408266 0.07481772118052575
