0 0.07331136287105279 0.3646295555264548 0.006555026931224299 0.006781062342645825
1 0.05601965389730593 0.3393135894472438 0.012657983039605539 0.05017986133557912
3 0.535440761522366 0.1804106952179098 0.012205912216762442 0.028480461839112473
3 0.497499353446609 0.599715472058428 0.015157822325552175 0.04154366118855037
2 0.5029028364052549 0.6039961533633292 0.015298172532270157 0.04308751346244911
2 0.48865729042337025 0.6718554783115187 0.01403502067180753 0.05108747524537947
2 0.4169300482594736 0.5137438304109164 0.01335663794763576 0.04685097618555311
2 0.6091170389240651 0.42592117626927206 0.010189425007732211 0.046871355035568454
2 0.6200706708073772 0.40715565188003183 0.00866101125657238 0.03549316377693408
2 0.612428602051578 0.30882770055541536 0.011038543758376634 0.0378706962787383
2 0.6944534733638227 0.3680961893503914 0.012736781259665406 0.042965408782604374
2 0.7307108440163368 0.3187623899379543 0.010868720008247693 0.03804052002886721
2 0.846818977383758 0.26289037614555566 0.009170482506959132 0.03634228252757847
2 0.9061723780537986 0.34245280308093184 0.012057486259149925 0.03617245877744956
2 0.9051534355530252 0.3200360680639209 0.013755723760438628 0.03311563127512983
2 0.9516002312132715 0.3810027943601856 0.015284137511598602 0.04126717128131574
2 0.8953036580455509 0.4292327393967851 0.012397133759407524 0.03956893378002697
2 0.8649052067724828 0.4468094975351232 0.011717838758892185 0.049588535037630305
2 0.8790005780331791 0.5035306300781661 0.010019601257603341 0.04381452753324872
2 0.9145786536851775 0.4897749063177276 0.011548015008763315 0.051966067539434564
2 0.9490528749613384 0.4539420950405358 0.013585900010309758 0.045512765034537495
2 0.9390332737037351 0.5589780844952427 0.011548015008763315 0.048060121286470546
2 0.9633180699721636 0.5537135482412476 0.013246252510052159 0.04704117878569725
2 0.715630130409205 0.4379786625284218 0.011038543758376705 0.039059462529640356
