3 0.8909363317412329 0.7055514710350181 0.018308868325143664 0.05628281744396034
3 0.7256828237377604 0.409173542106095 0.011378191258634303 0.04653170753531072
0 0.8392949125739753 0.3619625395702688 0.006283478754768197 0.00883083500670132
1 0.878609110728809 0.34328192705609306 0.012906605009794276 0.04755065003608397
2 0.6798304112029652 0.29564636514494463 0.017491846263273773 0.04466364628389307
2 0.5477075336027035 0.24919956948469837 0.010698896258118823 0.04177664253170232
2 0.4712019341696471 0.1998657700722613 0.011548015008763244 0.038549991279253744
3 0.146244188298052 0.15112635378527528 0.011717838758892096 0.030738098773325735
2 0.14106456391912142 0.26940859575003406 0.010529072507990005 0.03600263502732073
2 0.14157403516950803 0.28936288639017643 0.015284137511598388 0.03617245877744956
2 0.18428470832691915 0.3607737733193667 0.013755723760438557 0.044154175033506465
2 0.16331147518600356 0.41189072210815697 0.010529072507990022 0.04789029753634168
2 0.15660343705591312 0.42632574086911107 0.018510788764046975 0.03226651252448555
2 0.20975827084624982 0.4734518315298728 0.011717838758892114 0.046022236284924106
2 0.3304180453128129 0.4756595402815482 0.013585900010309687 0.048060121286470546
2 0.21348375622064406 0.5588593085088459 0.015453961261727258 0.05077730128853247
2 0.24405203124384087 0.6011454222909347 0.016812551262758255 0.04772047378621281
2 0.47193655663887923 0.4951213673809326 0.010947316124009987 0.04814012090429969
2 0.4684979765742864 0.4721741085825273 0.014175370878525584 0.04968397317819864
2 0.6572428360318532 0.45038287861414444 0.010385915297137558 0.04350856408260334
2 0.6499446252825132 0.4493302520637589 0.008140311989648409 0.0464559184236829
2 0.6349271531636791 0.4258215924384812 0.01403502067180753 0.04350856408260334
2 0.6568217854116989 0.3892603635884227 0.008421012403084517 0.04814012090429984
2 0.7351077174485997 0.4153229959533238 0.00917048250695899 0.047550650036083934
2 0.2715997460878088 0.7245118639708985 0.016438939012474663 0.057947260018973455
