0 0.6069165008525593 0.8412084580704677 0.009945558102547167 0.011188752865365501
3 0.8928366114450538 0.9107030453120164 0.034312175453787716 0.07160801833834
2 0.6437003809762462 0.8030423788519431 0.02038839411022188 0.06812707300244839
2 0.3830024392132273 0.7751948161648108 0.016658809821766526 0.06265701604604743
2 0.32208589583512554 0.6633072875111544 0.01665880982176663 0.05569512537426441
2 0.35341440385814926 0.6514969372643797 0.014172420296129785 0.05097098527555438
2 0.4795986722842171 0.5522899951914713 0.013923781343566049 0.04997642946529979
2 0.5089380686867314 0.5366257411799594 0.011934669723056573 0.04898187365504498
3 0.5308182965123353 0.49758942562746156 0.015912892964075526 0.04898187365504505
2 0.3570196686703227 0.5039297189178353 0.013426503438438786 0.04773867889222658
2 0.40537994494395846 0.4019877483667264 0.013675142391002381 0.04724140098709931
2 0.45498341598041264 0.3418171218463158 0.015415615058948262 0.041771344030698286
2 0.50682463758994 0.3526329162828359 0.012183308675620381 0.042019982983261886
2 0.6147339430025773 0.364194627577047 0.009696919149983501 0.04326317774608043
2 0.6378573655909996 0.3157100318271293 0.010691474960238239 0.041274066125570885
2 0.4957602042008563 0.27344140989130367 0.012431947628183906 0.04077678822044362
2 0.5426286467591102 0.23316189957598746 0.012680586580747643 0.036798564979424665
3 0.5188836267892786 0.16602938238379378 0.013426503438438644 0.033814897548660544
2 0.7437775593831275 0.3185693797816117 0.013177864485874977 0.038539037647370405
2 0.7159299966959952 0.4121819454218374 0.011686030770492977 0.044755011461462504
2 0.824212260537478 0.4157872102340107 0.013923781343566049 0.050473707370427195
2 0.6470570068358558 0.4629042917448281 0.01466969820125712 0.05072234632299079
2 0.8379819209192902 0.5794202021297856 0.016438939012474663 0.05671433959303784
1 0.1527094892625993 0.3906089089051899 0.013076428759923075 0.0463279190351561
2 0.27302673507452396 0.8822012255429192 0.020157159884337545 0.06287830471382903
