3 0.803316809294272 0.7965547811310555 0.02056922243935915 0.06035145484954782
3 0.41559950144104396 0.32487266272589244 0.00910872841600309 0.04353663412394692
0 0.3627225610600091 0.24721689334878136 0.00586663864081558 0.007410490914714352
3 0.06371964001112998 0.21426024719204947 0.009824514470265262 0.039438408087779174
1 0.7603335322052044 0.3299869110307065 0.015129752284208564 0.04739626480869404
2 0.4781173365364985 0.2443031098293215 0.009571884098172702 0.03905946252964032
2 0.3836335773738903 0.20501206945859635 0.01173327728163116 0.0336559795709945
2 0.3881879415818918 0.2812011791755036 0.010035039780342387 0.03535421707228327
2 0.4506367660610995 0.29656250930079686 0.0114245068268513 0.04044892957614937
2 0.4998084609847771 0.2982607468020856 0.014666596602038737 0.04446294548828625
2 0.3756055455496164 0.3164782036340918 0.010806965917291791 0.03952261821180997
2 0.38571777794365375 0.32010625647775404 0.01374028523769958 0.0396770034391999
2 0.5549484156727418 0.3669029622329322 0.013014291895676067 0.04733629699309638
2 0.526368009941061 0.3919746127966611 0.014035020671807672 0.04542243053784986
2 0.4511530582498742 0.3968868700317938 0.010079696664298083 0.04912257235132635
2 0.596032748912033 0.43873674985318345 0.010972834343413283 0.050143301127457886
2 0.5599882640048909 0.47994867418949105 0.01033487885833111 0.05192957648568793
2 0.4940236668473954 0.49717347228670944 0.010845243246396734 0.05116402990358928
2 0.6436242280991622 0.5300281797684407 0.008931376791150357 0.05767117585142735
2 0.6612317994874297 0.6038396293924466 0.016076478224070455 0.054481398426016625
2 0.47807096666040705 0.6767434244050929 0.018373117970366126 0.060222997791755974
2 0.2117090558041802 0.5092494565174865 0.011733277281631089 0.0557330670877478
2 0.29291568541125856 0.4287375604336626 0.016673604558107336 0.047550650036083934
2 0.3329014593052382 0.3999447155254495 0.011733277281631017 0.04677872389913453
2 0.2554772677692119 0.31943281944162555 0.010652580689901896 0.04662433867174464
