3 0.9266515089937144 0.7943885289017188 0.026898213959161695 0.08046860646606391
3 0.4210027853083818 0.34169105003767686 0.012179150169750344 0.04952854402365137
0 0.2001181807694382 0.3445317404399814 0.006884568447714088 0.007058861319808045
1 0.7686439735332868 0.33343673986548167 0.013450041010206632 0.05043765378827473
2 0.6598144402184488 0.6638730076286689 0.01466659660203888 0.0642242545941913
2 0.7369298612996954 0.6285959831700807 0.020070079560684774 0.06654003300503937
2 0.6916949896744597 0.5053965717129543 0.013277129555529968 0.061290935273783514
2 0.6127269458645346 0.422568897218282 0.015284137511598317 0.057740075043816216
2 0.5601587759382793 0.42449871256065563 0.014820981829428845 0.057894460271206115
2 0.5242642105701317 0.4171654142596361 0.014666596602038808 0.05002081367432204
2 0.5190923054525705 0.45607049156188667 0.015438522738988283 0.053108518222119656
2 0.4774082940573022 0.5311789046870646 0.024392865927601547 0.06129093527378359
2 0.5004888855520896 0.3797269966175895 0.018063071604616353 0.052336592085170254
2 0.5742078316307587 0.35232361875588536 0.012968359100750107 0.05403482958645903
2 0.5239554401153518 0.31063960736061696 0.010961351144681757 0.048785731855202956
2 0.42325566249970664 0.22135083878872527 0.011887662509020912 0.044493822533764237
2 0.350995656819872 0.2021607550241628 0.015114313761469518 0.04177664253170232
2 0.31507793366761566 0.3066023613534186 0.014265195010825203 0.04211629003196005
2 0.20740967608591135 0.30736656822899855 0.016982375012887126 0.046701531285439586
2 0.25100354196873403 0.37505954097398386 0.01501747211883405 0.04968397317819864
2 0.2800560347593757 0.35821751616781483 0.020631480387557063 0.04350856408260334
2 0.3329680626920901 0.4151295249919944 0.015578872945706408 0.05628043289394817
2 0.12707430943667355 0.4227786112581293 0.016701674599450964 0.05810498558128323
2 0.2169665044965542 0.5250187245045429 0.01960692387851516 0.061445320501173344
