3 0.9004278694655136 0.7337640476909396 0.02353523085360578 0.07060569256081749
3 0.421644089133825 0.25587058745337593 0.010219249426659971 0.03857766658564092
3 0.3022066114597378 0.1471633216772817 0.012007618076325315 0.03372352310797753
0 0.4795105890122865 0.34886575723598073 0.005876068420329474 0.007408955834328382
2 0.24679487365383573 0.3220402274909986 0.011241174369325861 0.047774991069634856
2 0.24104654585133958 0.29891917566318066 0.010985693133659389 0.04547565994863636
2 0.3588233954935945 0.3581908223378079 0.009452805719660375 0.04803047230530133
2 0.4076203115058953 0.2801413048416932 0.011496655604992299 0.03857766658564099
2 0.4892465663013411 0.340307135841153 0.008175399541327906 0.034234485579310456
2 0.48860786321217475 0.3277885552934949 0.008430880776994271 0.032701598165311555
2 0.47660024513584937 0.22968376079756006 0.008941843248327358 0.03985507276397346
2 0.4909071943331732 0.253826737568044 0.008430880776994413 0.043176328827637854
2 0.5969319071347693 0.3016017286376788 0.010474730662326267 0.041643441413638946
2 0.4869472351803425 0.4122251036812719 0.018394648967987877 0.04317632882763796
2 0.47749442946068216 0.44888666099941416 0.010219249426659829 0.038322185349974516
2 0.4776221700785155 0.48938043685255395 0.014051467961657309 0.05492846566829677
2 0.4069816084167291 0.53523931865469 0.017883686496654717 0.05978260914596028
2 0.47774991069634865 0.7292773171433942 0.02248234873865158 0.06770252745162168
2 0.6664228032360563 0.6135443173864712 0.024781679859650154 0.06361482768095762
2 0.5799424049629474 0.46255490710757174 0.012263099311991823 0.0559503906109628
2 0.658502884930395 0.41439669418443714 0.01609531784698902 0.049052397247967366
2 0.7779403626044822 0.46881419738140095 0.013795986725990729 0.05314009701863121
2 0.7600566761078276 0.3901259767961199 0.012263099311991965 0.05058528466196627
2 0.7159861629553567 0.29776951010268143 0.00996376819099325 0.05135172836896583
2 0.6793246056372145 0.17143403906559887 0.012263099311991823 0.034745448050643564
