2 0.3936759591222662 0.7535918337258667 0.01466969820125712 0.0621597381409201
2 0.21132401375482535 0.6742206962626356 0.022077087516753267 0.060117607545620615
2 0.31084073133034384 0.4893675442473594 0.01630308001237168 0.05145659628904802
2 0.27118688567525245 0.445043545463724 0.014435018760954037 0.05077730128853247
2 0.12946896619270942 0.4373165648328603 0.013925547510567444 0.05366430504072326
3 0.09569568319761892 0.17493887088375434 0.014435018760954037 0.038380167529124896
2 0.424559375322178 0.28693763409374484 0.020039202515206755 0.040248228780542517
2 0.42150254781985835 0.3500271572666205 0.011887662509020912 0.04143699503144454
2 0.5648337929286257 0.32107220786964796 0.010868720008247621 0.041946466281831185
2 0.5567671647975042 0.26078477657389876 0.011378191258634374 0.04296540878260441
2 0.6545856448717341 0.31903432286810157 0.012397133759407666 0.04126717128131567
2 0.7034948849088488 0.35962219914890176 0.016472903762500407 0.04500329378415088
2 0.7374596349346231 0.44156215858608205 0.014095371260696226 0.0444938225337642
2 0.7213263786723804 0.46262030360206213 0.014095371260696368 0.04924888753737271
2 0.7449318799402938 0.49284893112500117 0.013076428759923004 0.04517311753427975
2 0.6602747405010513 0.5249456198993578 0.012566957509536536 0.051966067539434634
2 0.58674105669525 0.44589266421436835 0.014944490011340577 0.04092752378105793
2 0.5597390804247595 0.48588615736971746 0.012227310009278725 0.04789029753634161
0 0.5674660610556231 0.4987078505044472 0.006283478754768339 0.00764206875579923
3 0.5008951510051056 0.4399488329598578 0.011378191258634374 0.04364470378311992
2 0.6170545960932534 0.5722415343102485 0.019190083764562403 0.04975835878775925
2 0.5963360985775312 0.6141030887170152 0.032096688774356605 0.029549332522423696
2 0.779915572466841 0.6170750043442704 0.017831493763531513 0.0565513087929142
3 0.9353538723334432 0.7946727022735053 0.015415615058948048 0.06265701604604729
1 0.8657451344575045 0.345683599487722 0.016133419705383574 0.04555318505049478
